0 0.1140625 0.1453125 0.15859375 0.221875
0 0.2984375 0.1515625 0.18125 0.2453125
0 0.478125 0.15703125 0.18125 0.23671875
0 0.66015625 0.159375 0.1671875 0.221875
0 0.85390625 0.165625 0.19375 0.23515625
0 0.925 0.3796875 0.15 0.23515625
0 0.75546875 0.3671875 0.1859375 0.246875
0 0.57578125 0.3703125 0.17890625 0.23828125
0 0.3859375 0.3703125 0.17265625 0.228125
0 0.20703125 0.36328125 0.18125 0.2453125
0 0.0546875 0.36328125 0.109375 0.2140625
0 0.1109375 0.5671875 0.17734375 0.2234375
0 0.29609375 0.578125 0.18359375 0.2265625
0 0.478125 0.58671875 0.1515625 0.21796875
0 0.65625 0.5875 0.17890625 0.23984375
0 0.84765625 0.58203125 0.175 0.228125
0 0.21015625 0.7828125 0.16875 0.246875
0 0.3921875 0.78671875 0.15625 0.23828125
0 0.5703125 0.78671875 0.17890625 0.21796875