0 0.05390625 0.4765625 0.1078125 0.271875
0 0.13515625 0.36171875 0.2703125 0.3046875
0 0.2625 0.2515625 0.290625 0.2984375
0 0.40390625 0.1375 0.2703125 0.275
0 0.55625 0.084375 0.3 0.16875
0 0.7484375 0.1359375 0.265625 0.271875
0 0.61015625 0.234375 0.3015625 0.309375
0 0.475 0.3515625 0.290625 0.296875
0 0.32890625 0.47421875 0.278125 0.2859375
0 0.1875 0.58359375 0.296875 0.3046875
0 0.090625 0.68125 0.18125 0.234375
0 0.2453125 0.8015625 0.2796875 0.2859375
0 0.39375 0.690625 0.2859375 0.2921875
0 0.5390625 0.58046875 0.25625 0.2640625
0 0.67578125 0.46640625 0.290625 0.2984375
0 0.81875 0.3390625 0.28125 0.2875
0 0.459375 0.87734375 0.2875 0.2453125
0 0.6015625 0.7890625 0.2734375 0.2828125
0 0.73828125 0.67421875 0.2765625 0.28125