0 0.0828125 0.19453125 0.165625 0.2390625
0 0.2578125 0.17890625 0.209375 0.265625
0 0.43671875 0.1625 0.209375 0.2578125
0 0.6171875 0.1421875 0.19375 0.240625
0 0.81015625 0.1265625 0.2203125 0.253125
0 0.90703125 0.32890625 0.178125 0.2515625
0 0.7375 0.33671875 0.2140625 0.2671875
0 0.559375 0.36171875 0.20625 0.2578125
0 0.37109375 0.38515625 0.1984375 0.246875
0 0.1921875 0.4 0.209375 0.265625
0 0.05390625 0.41796875 0.1078125 0.2265625
0 0.121875 0.6140625 0.203125 0.24375
0 0.30703125 0.60234375 0.209375 0.246875
0 0.4890625 0.5890625 0.1765625 0.234375
0 0.665625 0.56796875 0.20625 0.259375
0 0.8546875 0.5390625 0.2015625 0.2484375
0 0.246875 0.81640625 0.196875 0.265625
0 0.428125 0.79765625 0.184375 0.25625
0 0.6046875 0.77578125 0.2046875 0.2375